B10x9
W :|1,10|1,10|1,3:10|1,10|1:8,10|1,10|1,10|:
C [(2, 2:9), (8, 5:6)]
G [(5, 5.5)]

P MANUAL (2, 5.5)

E NODE V1.5 [(3, 1), (3, 10), (7, 10), (7, 1)]
E NODE V1.5 [(3, 2), (3, 10), (7, 10), (7, 1), (3, 1)]
E NODE V1.5 [(3, 3), (3, 10), (7, 10), (7, 1), (3, 1)]
E NODE V1.5 [(3, 4), (3, 10), (7, 10), (7, 1), (3, 1)]
E NODE V1.5 [(3, 5), (3, 10), (7, 10), (7, 1), (3, 1)]
E NODE V1.5 [(3, 6), (3, 10), (7, 10), (7, 1), (3, 1)]
E NODE V1.5 [(3, 7), (3, 10), (7, 10), (7, 1), (3, 1)]
E NODE V1.5 [(3, 8), (3, 10), (7, 10), (7, 1), (3, 1)]

E NODE V1.5 [(4, 10), (7, 10), (7, 1), (3, 1), (3, 10)]
E NODE V1.5 [(5, 10), (7, 10), (7, 1), (3, 1), (3, 10)]
E NODE V1.5 [(6, 10), (7, 10), (7, 1), (3, 1), (3, 10)]

E NODE V1.5 [(7, 10), (7, 1), (3, 1), (3, 10)]
E NODE V1.5 [(7, 9), (7, 1), (3, 1), (3, 10), (7, 10)]
E NODE V1.5 [(7, 8), (7, 1), (3, 1), (3, 10), (7, 10)]
E NODE V1.5 [(7, 7), (7, 1), (3, 1), (3, 10), (7, 10)]
E NODE V1.5 [(7, 6), (7, 1), (3, 1), (3, 10), (7, 10)]
E NODE V1.5 [(7, 5), (7, 1), (3, 1), (3, 10), (7, 10)]
E NODE V1.5 [(7, 4), (7, 1), (3, 1), (3, 10), (7, 10)]
E NODE V1.5 [(7, 3), (7, 1), (3, 1), (3, 10), (7, 10)]

E NODE V1.5 [(6, 1), (3, 1), (3, 10), (7, 10), (7, 1)]
E NODE V1.5 [(5, 1), (3, 1), (3, 10), (7, 10), (7, 1)]
E NODE V1.5 [(4, 1), (3, 1), (3, 10), (7, 10), (7, 1)]